46
24
25
27
42
27
18
43
30
20
42
35
28
32
34
22
31
23
27
23
10
25
33
34
52
29
35
41
22
20
62
44
28
13
33
28
15
15
37
20
20
31
23
20
18
21
44
27
25
31
26
32
59
24
43
10
17
51
17
25
24
9
46
46
24
27
27
20
28
27
23
21
17
23
16
30
41
27
42
35
40
21
35
35
25
40
30
10
55
48
26
16
74
32
37
55
37
51
17
35
32
29
17
18
24
37
32
19
49
110
17
13
23
33
46
53
9
15
46
28
16
16
39
38
26
25
14
37
25
28
41
17
16
17
7
33
33
43
16
25
22
14
32
43
30
36
16
22
36
26
17
12
21
13
27
19
21
30
17
33
12
16
12
35
26
74
24
22
29
25
45
31
29
50
65
51
23
11
36
32
41
28
27
23
33
40
34
26
37
31
20
32
26
19
66
19
29
20
54
15
29
69
40
16
50
23
25
35
45
46
11
20
56
26
23
34
27
37
28
35
51
21
25
51
21
36
26
61
34
19
51
33
32
75
28
23
30
27
30
23
32
35
36
28
39
31
14
28
22
46
23
31
22
19
11
25
22
19
31
32
28
14
28
25
51
22
62
46
46
28
26
22
25
33
26
16
9
24
32
52
36
43
20
42
20
43
21
26
17
24
17
71
52
26
27
27
47
100
42
48
31
29
14
35
43
36
28
41
59
44
25
14
37
15
27
50
52
18
17
23
20
26
33
37
26
57
95
44
32
50
24
33
21
19
27
14
28
33
22
24
33
18
27
30
38
40
24
35
28
17
38
27
23
48
19
31
24
35
34
34
41
32
20
23
31
32
34
21
35
35
19
33
32
13
30
23
50
28
19
17
34
40
32
12
20
17
30
38
25
7
34
10
49
21
51
32
10
30
12
25
