46
24
25
27
42
27
18
43
30
20
42
35
28
32
34
22
31
23
27
23
10
25
33
34
52
29
35
41
22
20
62
44
28
13
33
28
15
15
37
20
20
31
23
20
18
21
44
27
25
31
26
32
59
24
43
10
17
51
17
25
24
9
46
46
24
27
27
20
28
27
23
21
17
23
16
30
41
27
42
35
40
21
35
35
25
40
30
10
55
48
26
16
74
32
37
55
37
51
17
35
32
29
17
18
24
37
32
19
49
110
17
13
23
33
46
53
9
15
46
28
16
16
39
38
26
25
14
37
25
28
41
17
16
17
7
33
33
43
16
25
22
14
32
43
30
36
16
22
36
26
17
12
21
13
27
19
21
30
17
33
12
16
12
35
26
74
24
22
29
25
45
31
29
50
65
51
23
11
36
32
41
28
27
23
33
40
34
26
37
31
20
32
26
19
66
19
29
20
54
15
29
69
40
16
50
23
25
35
45
46
11
20
56
26
23
34
27
37
28
35
51
21
25
51
21
36
26
61
34
19
51
33
32
75
28
23
30
27
30
23
32
35
36
28
39
31
14
28
22
46
23
31
22
19
11
25
22
19
31
32
28
14
28
25
51
22
62
46
46
28
26
22
25
33
26
16
9
24
32
52
36
43
20
42
20
43
21
26
17
24
17
71
52
26
27
27
47
100
42
48
31
29
14
35
43
36
28
41
59
44
25
14
37
15
27
50
52
18
17
23
20
26
33
37
26
57
95
44
32
50
24
33
21
19
27
14
28
33
22
24
33
18
27
30
38
40
24
35
28
17
38
27
23
48
19
31
24
35
34
34
41
32
20
23
31
32
34
21
35
35
19
33
32
13
30
23
50
28
19
17
34
40
32
12
20
17
30
38
25
7
34
10
49
21
51
32
10
30
12
25
24
38
30
20
18
21
46
24
38
32
18
27
72
34
22
24
16
25
17
30
33
51
52
34
39
27
28
25
26
34
26
37
30
60
31
18
14
18
23
37
39
20
13
17
23
27
28
18
14
24
14
24
36
43
17
22
25
22
30
28
41
32
32
23
14
33
21
20
30
33
15
33
34
55
45
35
24
18
17
26
24
15
22
27
25
41
53
32
24
17
56
15
15
56
46
10
35
31
34
25
20
37
21
19
15
19
18
49
27
14
53
60
38
20
16
11
30
23
34
45
35
34
27
27
44
42
20
21
19
40
31
49
41
70
13
44
28
17
16
10
20
22
21
48
36
38
34
26
36
39
27
52
29
41
17
64
21
32
25
61
57
35
26
13
22
14
36
29
27
16
48
31
36
49
69
34
23
32
27
55
32
21
39
51
21
34
39
30
30
47
16
23
34
18
22
36
21
36
30
31
22
26
24
26
39
49
34
21
14
31
36
25
22
17
27
25
30
41
19
21
18
22
17
58
43
17
15
13
17
30
24
13
30
20
24
18
26
29
39
19
29
80
28
45
16
22
18
25
31
31
21
22
48
28
55
38
17
21
45
34
32
32
40
44
68
25
21
23
44
36
34
38
29
9
44
12
53
21
37
35
37
35
23
51
48
33
20
23
29
35
43
37
28
33
22
36
21
26
9
50
45
34
13
35
18
38
70
19
29
20
11
36
18
23
16
42
23
24
39
18
21
35
24
23
24
38
36
39
23
42
31
27
24
62
26
18
46
41
15
33
31
15
31
41
29
20
35
50
49
37
9
15
31
38
47
41
26
18
38
27
30
19
19
17
16
42
44
21
66
11
69
27
40
47
42
29
32
20
38
30
75
26
34
22
21
34
48
15
18
20
19
75
18
15
37
20
54
19
31
20
60
26
35
16
9
21
94
18
54
21
39
41
30
63
26
12
17
31
34
20
32
27
12
40
17
25
11
52
15
45
34
42
30
24
24
40
21
30
31
15
22
32
27
22
22
25
32
24
21
25
37
34
41
20
23
20
15
24
29
36
30
41
27
20
21
17
32
25
20
42
19
42
25
49
17
29
23
14
18
48
36
32
48
25
57
47
25
28
26
43
38
23
26
30
21
26
17
28
30
41
62
38
25
15
14
64
22
25
19
15
62
29
10
18
33
57
22
16
36
50
23
31
30
26
36
19
22
28
47
43
14
16
35
12
25
35
43
35
32
42
33
32
21
9
20
23
48
18
38
33
28
29
19
44
17
24
21
34
34
38
18
34
23
33
31
33
50
47
34
9
51
42
37
53
36
29
31
21
8
25
17
23
25
23
34
24
18
11
32
22
14
27
24
38
26
12
35
36
23
25
23
42
37
18
31
18
25
29
33
52
13
10
31
25
36
15
41
23
25
26
11
57
31
54
27
28
20
25
18
22
23
22
19
31
31
37
14
32
19
29
31
37
13
39
37
52
42
27
29
25
35
41
67
40
28
31
39
19
29
46
41
37
15
17
37
28
15
21
25
13
37
46
38
19
14
63
36
41
27
73
34
38
43
30
18
49
20
25
44
58
38
30
28
25
19
45
24
30
20
15
16
21
38
16
54
14
31
12
30
38
60
15
27
21
62
19
27
29
30
27
15
40
34
22
20
22
19
19
24
21
65
34
53
41
53
23
21
44
21
84
38
49
14
28
36
40
38
34
17
20
58
28
28
33
24
9
31
29
35
47
20
56
60
22
25
24
14
34
21
34
24
29
34
30
56
25
34
27
45
18
89
13
23
28
41
30
36
23
32
28
17
29
18
12
39
31
51
17
33
17
27
18
56
34
26
31
35
23
36
30
27
38
16
29
31
16
20
52
17
24
23
32
52
23
59
31
37
32
60
36
24
29
41
24
34
40
22
27
16
21
37
35
39
24
22
37
28
57
35
27
14
42
24
15
35
24
17
28
20
72
15
55
22
32
23
13
42
41
29
55
15
27
48
36
67
11
26
29
18
25
19
22
44
50
51
42
29
32
22
31
35
42
37
30
32
27
34
21
29
22
19
23
34
37
9
21
54
23
39
23
45
14
20
13
17
12
43
39
39
15
25
34
22
36
30
45
22
27
25
53
34
25
54
26
35
35
43
17
37
20
18
39
25
30
61
38
21
19
30
40
16
36
68
13
47
20
44
33
39
45
20
69
15
21
79
19
35
10
11
18
21
21
20
30
23
53
24
21
22
42
38
21
45
19
23
31
60
28
31
24
26
30
24
20
27
35
56
44
28
38
25
26
20
38
39
37
45
45
28
17
28
36
47
19
40
39
29
38
28
39
30
35
19
34
17
35
27
61
18
48
26
38
48
16
34
24
33
30
37
35
66
24
38
34
27
44
27
32
25
20
35
36
35
25
53
12
33
26
27
14
22
20
23
25
34
24
36
51
25
16
21
36
16
19
36
21
20
38
25
10
36
17
29
42
23
39
43
21
13
27
99
31
46
17
19
25
27
31
16
19
14
39
48
25
52
22
46
16
71
23
30
35
35
19
35
18
27
24
58
19
28
29
43
46
43
32
21
28
23
44
15
34
25
17
21
17
27
20
19
26
45
18
29
26
18
13
24
24
12
60
19
31
26
21
19
47
38
17
18
28
40
23
23
31
45
27
31
14
34
12
42
32
37
34
14
15
22
26
14
27
56
26
18
19
26
20
21
40
21
36
29
23
25
38
25
61
25
40
34
30
37
18
20
19
18
19
34
30
34
29
28
19
17
56
17
51
22
48
19
21
40
57
38
18
26
18
15
35
41
25
25
61
27
30
15
25
20
18
38
27
28
68
34
23
28
13
25
59
77
19
57
45
17
13
24
20
57
31
80
36
42
33
38
38
13
17
44
30
29
13
48
27
30
28
44
26
50
67
68
16
70
14
20
27
58
41
30
52
18
16
27
38
27
47
36
17
29
41
16
32
51
25
43
21
43
27
22
24
23
17
25
24
25
28
12
45
31
30
28
20
45
30
23
21
39
46
36
28
27
36
22
13
26
27
44
22
15
23
21
36
20
43
56
27
20
23
9
23
15
23
29
49
14
27
36
14
19
18
35
25
48
46
31
24
34
20
11
24
18
14
30
25
50
50
42
24
16
31
38
21
43
20
36
55
28
20
52
24
32
39
43
55
29
14
24
28
45
25
12
29
22
24
50
18
23
19
24
37
50
24
22
18
19
19
44
23
37
24
35
23
23
23
13
20
26
23
15
23
23
17
20
34
30
38
66
25
29
43
32
29
28
35
29
39
34
35
20
13
17
32
26
27
20
31
18
22
29
35
22
29
34
16
31
53
25
18
81
33
36
29
20
20
36
36
20
66
18
35
20
30
30
25
10
20
15
35
35
15
11
27
45
26
14
47
23
25
13
28
18
25
21
30
21
40
39
49
63
51
30
90
39
35
24
35
32
32
38
52
24
24
33
13
27
13
58
46
72
23
17
49
25
29
37
18
36
41
22
23
32
20
35
44
18
22
12
30
49
11
16
37
12
31
36
20
36
21
42
28
11
23
24
25
22
16
47
18
19
34
17
29
20
25
28
38
36
26
48
24
26
15
25
30
25
28
38
15
31
26
28
21
21
25
16
45
19
41
45
29
29
43
