31
36
28
26
30
30
19
38
25
38
27
22
44
38
26
27
82
36
35
36
27
20
30
24
71
33
27
21
39
14
20
56
11
22
34
49
16
37
20
40
44
49
24
26
31
54
37
30
23
19
19
21
53
26
37
47
14
66
13
13
33
21
23
68
9
38
21
24
20
42
36
27
43
11
18
53
40
36
45
47
19
28
34
19
27
19
28
57
24
29
20
23
26
32
35
18
17
47
25
29
30
55
34
36
46
23
60
31
25
21
17
29
41
43
35
17
19
17
43
38
32
29
26
14
21
28
33
35
35
17
39
11
26
34
17
13
24
23
62
27
23
29
27
29
22
24
30
14
31
49
16
24
39
58
60
46
45
24
23
19
21
57
29
29
56
25
40
29
55
30
35
29
58
45
33
31
42
17
21
34
26
28
35
31
36
50
66
30
17
14
12
33
14
27
23
34
19
31
36
51
11
26
38
26
19
24
45
20
40
51
56
36
19
43
42
21
18
21
45
18
48
18
24
30
27
15
32
23
34
23
35
18
16
11
37
53
27
44
20
7
64
23
17
16
33
26
21
47
29
39
21
22
17
33
31
26
30
25
25
41
15
33
19
40
28
20
27
26
12
29
44
24
33
40
75
63
37
28
61
11
26
35
36
31
17
22
40
35
57
37
15
45
47
27
41
26
78
18
36
12
18
24
23
27
36
36
34
71
27
23
19
26
27
22
16
20
56
30
25
30
46
34
28
43
52
32
17
23
17
47
52
19
32
25
38
47
25
25
41
15
17
43
37
49
35
21
21
33
29
36
38
57
29
52
27
31
30
20
35
27
51
32
41
17
67
16
19
28
23
18
43
53
40
12
29
21
48
24
15
40
25
13
9
27
46
17
46
18
38
32
28
26
16
31
38
47
21
33
18
20
33
38
37
33
17
41
21
39
28
22
26
25
18
24
17
19
28
16
32
23
23
28
48
30
42
36
31
29
25
81
34
28
47
46
13
13
22
25
21
29
30
28
32
23
24
39
43
40
16
98
15
14
20
29
19
17
37
31
49
56
32
66
30
16
37
15
54
58
29
20
26
19
33
24
25
44
46
22
21
21
29
40
26
40
33
20
46
29
35
18
28
19
16
42
48
14
17
22
22
79
30
29
42
24
41
43
9
33
33
20
28
22
44
32
58
26
26
37
35
40
16
31
26
19
43
23
25
19
59
29
30
24
39
27
21
24
43
32
23
13
30
17
34
19
30
74
73
30
17
42
24
23
31
44
31
15
19
32
44
49
28
26
18
19
17
26
43
24
12
17
31
15
16
25
17
29
41
28
26
20
23
41
45
22
42
23
24
40
39
21
25
14
25
26
34
57
37
18
16
32
26
59
49
25
27
29
15
33
33
50
39
34
32
47
67
30
37
39
31
67
78
17
50
29
24
14
15
40
31
21
24
31
64
23
17
29
34
15
27
17
54
39
9
17
34
31
39
29
22
16
21
25
31
15
38
54
42
39
18
29
63
37
35
31
16
22
18
26
26
29
32
13
13
30
28
28
13
32
19
18
13
26
33
21
40
27
20
49
50
18
33
36
40
33
23
45
44
17
36
31
23
46
21
32
35
26
49
44
48
16
29
38
18
32
21
22
27
28
59
21
13
26
31
29
14
32
35
27
24
35
37
18
35
14
23
29
20
32
14
44
53
37
19
29
30
19
31
17
75
64
35
35
33
31
21
13
98
21
50
43
35
31
20
29
27
18
33
30
25
32
31
39
19
42
60
16
17
13
50
27
33
29
26
23
25
41
28
35
20
32
20
23
15
21
32
23
31
18
35
30
23
27
10
22
56
45
21
26
27
39
50
25
26
51
52
25
32
36
19
23
29
23
67
29
43
39
22
32
22
50
8
29
13
31
24
30
19
30
33
30
16
22
28
29
22
31
34
44
20
22
66
13
70
38
29
27
26
15
63
36
23
39
32
24
26
20
57
8
24
42
33
21
36
20
14
32
30
35
25
38
24
38
46
16
56
40
19
26
29
41
37
7
16
28
16
33
14
36
45
28
25
37
22
30
58
18
40
17
23
22
25
46
51
35
20
22
37
34
28
20
38
13
50
27
30
28
59
20
24
30
41
28
21
41
17
23
19
39
29
35
36
29
21
31
23
26
41
29
29
27
37
58
25
47
23
31
64
26
36
28
26
53
47
29
70
33
38
57
26
36
15
18
24
13
26
54
34
15
18
31
31
17
22
16
25
29
24
33
49
16
16
30
21
39
45
14
15
20
26
25
32
